20003794342
20003794339
20003794340
20003794341
20003794332
20003794333
20003794334
20003794335
20003794336
10000064377
20003794332
20003794333
20003794334
20003794335
20003794336
10000064377
10000064378
10000064375
10000064376
10000064374
10000064372
10000064365
10000064366
10000064367
10000064368
20003794313
20003794314
20003794315
20003794316
20003794317
20003794318
20003794319
20003794320
20003794321
20003794322
20003794323
20003794324
20003794325
20003794326
20003794327
20003794328
20003794329
20003794302
20003794303
20003794304
20003794305
20003794306
20003794297
20003794298
20003794296
20003794287
20003794288
20003794289
20003794290
20003794291
20003794292
20003794293
20003794294
10000064357
20003794855
20003794856
20003794857
20003794858
20003794859
20003794860
10000064455
10000064456
20003794835
20003794836
20003794830
20003794831
20003794832
20003794833
20003794834
10000064424
10000064425
10000064426
10000064427
10000064428
10000064429
10000064430
10000064431
10000064432
10000064433
10000064434
10000064435
10000064436
10000064437
10000064438
10000064439
10000064440
10000064441
10000064442
10000064443
10000064444
10000064445
10000064446
10000064447
10000064448
10000064449
10000064450
10000064451
10000064452
10000064453
10000064454
20003794807
20003794808
20003794809
20003794810
20003794811
20003794812
20003794813
20003794814
20003794815
20003794816
20003794817
20003794818
20003794819
20003794820
20003794822
20003794823
20003794824
