20003794855
20003794856
20003794857
20003794858
20003794859
20003794860
10000064455
10000064456
20003794835
20003794836
20003794830
20003794831
20003794832
20003794833
20003794834
10000064424
10000064425
10000064426
10000064427
10000064428
10000064429
10000064430
10000064431
10000064432
10000064433
10000064434
10000064435
10000064436
10000064437
10000064438
10000064439
10000064440
10000064441
10000064442
10000064443
10000064444
10000064445
10000064446
10000064447
10000064448
10000064449
10000064450
10000064451
10000064452
10000064453
10000064454
20003794807
20003794808
20003794809
20003794810
20003794811
20003794812
20003794813
20003794814
20003794815
20003794816
20003794817
20003794818
20003794819
20003794820
20003794822
20003794823
20003794824
